4251216543612453612543624
431253642516324561325463
6352143654126345132645123
3156432153642135642135
4534564132546123564
143624315264312564321536
32545156243162536142563
25143213426351246315234
4631425631426531624531265
431614523614251634252136
56362415364215364215364521
21653142516354126354126
12654315632416534216354
263465142364513264152346
46542154654231526431524613
5643146524153264123561423
26241352461523461253642
1343564512345623154632514
6453215462316453125643
16154356421356423154612
164624156432156324153645
612563412654312645316
316543265413521463256416
236525135462156341256423
541632541562346215362413
653645362415362415362534
5432641325614325164523
4563123165423146531246
143541623542165431256431
5254123456142356145236
416513465326452134652134
461642531642136542136425
1246541531625416325416
3431465326145231645261345
152361423651423614523146
2421632415634215634213654
632453216435613254621356241
32621234156234513624513
612364216435216435162431
413532416512435612435142563
154634651652435612435624
462315623451623451263
5124134253642135641253416
234163524631524613524613
564362364165236451263415
35254265142365124365123
4162412354261435612453
5642315623416524136254162
265212346123564125632145
124563142635412653412645
364163524613254613524631
316324621456312543612542
4532164351642315462135426
36462135462154365124365
6265143215643152463152
4234516456352146513264153
4542632351234615236146325
523162543125461352461352
5312563214562345162341365
31425161345263154623145
1261324651325641356234156
421564132654123645132
24135243164532146532
4152634542163452136542136
342142516542361524635124
6235241643526154326154
45213126345216543216542
4163524165234165234256132
16425612435612435162435
2164235642136542163524561
412634652134562145326143
5624536124536241536241365
45216432516342156321546123
543415432165324163524163
6153642316453261425163524
423462534126534214635261
146213651243615236421534162
2534621546235146231564
5413251631542653124613521
16234152436152346512364
241612534216354261352146
54161324156234165231465342
16246231524615342163521463
14516213465213456213546
2426351465326145623145632
352146324515263541623541
43216532465312465132645
621543621546315234615
32532561342563412563421631
36546124631524613524635124
32642645132641532641356
6353426315426312543612
42431641523461542361453261
3125631425612435162345163
6153254163514623514625316
64631623514632516342516235
5415263145263154263154
642123654162431652436152
3626312541263542163452163
12416354623146521346512